0; 169; 661; 936
10; 242; 457
1000; 179; 231; 329; 936
1004; 64; 110; 269; 329; 486; 544; 799; 936; 1039
1008; 557; 577; 727; 799; 936
1009; 14; 94; 110; 163; 176; 197; 269; 279; 319; 320; 329; 339; 440; 490; 544; 571; 577; 708; 734; 914; 936; 1030; 1039
101; 158; 176; 220; 319; 329; 339; 577; 936
1010; 329; 544; 727; 936
1013; 1112
1015; 179; 440
1019; 329; 772; 882
102; 329
1020; 936
1021; 936
1022; 329; 488; 936
1023; 269; 927; 936
1025; 110; 220; 269; 293; 329; 488; 830; 936; 1039
1026; 329; 852
1028; 269; 329; 624; 936
1029; 339
103; 577; 936
1030; 772; 882
1032; 539
1037
1038; 169; 422
104; 440
1040; 176; 220; 269; 329; 936; 1039; 1066
1041; 158
1042; 625; 936
1044; 187; 312; 338; 798
1046; 329; 488; 936
105; 577; 710; 936
1050; 440; 936
1051; 229; 430; 488; 936
1052; 577; 710; 936
1055; 8
1056; 109; 156; 169; 329; 339; 396; 471; 573; 577; 593; 661; 852; 936; 950; 1096
1057; 69; 220; 224; 238; 267; 329; 936
1059; 69; 329; 852; 936
106; 936; 1112
1066; 179; 329; 488; 874
1067; 329; 440
1068
1069; 185
1072; 69; 197; 339; 382; 488; 577; 936; 1081
1073; 488; 577; 889; 936
1074; 488; 614; 653
1076; 901; 938
1078; 329; 926; 936
1079; 179; 329; 727; 936
1081; 936
1082; 13
1083; 69; 176; 329; 339; 430; 488; 577; 727; 799; 936
1087; 329; 926; 936
1088; 69; 185
109; 141; 936
1090; 229; 488; 625
1091; 28; 329; 488; 936
1094
1095; 269; 329; 519; 936; 938; 1066
1096; 65; 69
1097; 48; 129; 176; 220; 329; 539; 608; 936; 1039; 1066
11; 329; 852; 1088
110; 329; 331; 557; 667; 768; 936; 951
1102; 329; 380; 936; 1039
1106; 329; 488; 936
1107; 175; 936
1108
1109; 653
1110; 488
1112
1113; 220; 329; 936; 1039
1114; 422
112; 560
114; 913; 936
115; 229; 936
116; 269
117; 176; 179; 577; 727; 936; 976
118; 430; 488; 936; 972
12; 672
120; 927
121; 69; 102; 110; 175; 176; 329; 440; 488; 490; 577; 855; 936; 1039
126; 208; 422
128; 247; 488; 577; 936
129; 288; 320; 329; 440; 467; 488; 490; 538; 631; 936; 1039
130; 414; 936
131; 69; 727; 936
133; 220; 329
135; 65; 69
137; 14
138; 429
139; 577; 745; 936
141; 13; 936; 1016
143; 488
146; 66; 488; 936
147; 208; 422; 666; 812
149; 197; 252; 488; 577; 936
15; 220; 329
151; 488; 936; 1081
152; 269; 727; 936
153; 179; 339; 385; 577; 936
154; 927
155; 114; 667; 936
156; 20; 36; 176; 269; 329; 339; 440; 488; 544; 577; 715; 855; 936
157; 78; 664
159; 176; 339; 488; 577; 936
16; 392; 901; 938
160; 533; 593
161; 79; 100; 279; 329; 488; 539; 577; 827; 936
162; 329; 396; 936
163; 52
165; 329; 423; 852; 1088
168; 430; 936
169; 408
170; 329; 852
171
172; 28; 151; 175; 176; 247; 279; 331; 414; 488; 491; 547; 577; 715; 758; 936
174; 69; 329
175; 936
176; 52; 222
178; 329; 454; 936; 1004
18
181; 745; 936
182; 329; 422; 936
185; 359
187
189; 69; 429
19; 938
190; 1112
193; 110; 129; 176; 179; 308; 329; 539; 653; 852; 882; 936; 943; 1039; 1057
194; 66; 176; 329; 440; 488; 577; 936
195; 52; 201; 329; 479; 681; 936; 1066
196; 653; 936
197; 66
198; 329; 852
20; 936
200; 179; 319; 329; 353; 396; 430; 453; 459; 482; 488; 524; 537; 539; 625; 653; 723; 727; 819; 850; 904; 936; 954; 1009; 1062; 1063; 1072
202; 4; 32; 76; 179; 221; 269; 329; 422; 423; 488; 490; 511; 560; 565; 577; 587; 665; 799; 833; 852; 886; 936; 1019; 1039; 1060; 1113
206; 339; 419; 936
207; 396; 936
208; 329; 852
209; 66
21; 482
210; 26; 114; 176; 184; 228; 229; 329; 364; 419; 430; 445; 482; 533; 591; 593; 667; 738; 758; 936; 987; 989
212; 2; 254; 332; 358; 457; 721; 776; 915
214; 539
217; 28; 175; 176; 197; 220; 266; 269; 293; 329; 388; 422; 440; 461; 488; 491; 577; 715; 830; 936; 1039
219; 269; 544; 936
220; 69; 653
221; 171; 197; 488; 577; 936
223; 457
226; 488; 936
227; 488; 936
229; 69; 180; 222; 329; 440; 496; 936
232; 329; 544; 852
234; 247; 422; 461
235
236; 329; 630; 852; 936
237; 0; 28; 48; 65; 110; 121; 175; 176; 220; 247; 264; 267; 271; 296; 310; 329; 365; 370; 423; 440; 488; 491; 525; 539; 544; 565; 569; 624; 630; 648; 656; 661; 682; 768; 799; 834; 858; 936; 941; 1008; 1039
239; 69; 329; 409; 440; 855; 936
240; 488; 936
243; 169; 422
244; 69; 593
246; 69; 176; 220; 329; 440; 695; 832; 936; 1039; 1073
249; 488; 936; 989
250; 220; 329
251; 488; 936
252; 329
253; 473
254
256; 329; 488; 577; 936; 1039
258; 175; 247; 269; 329; 488; 544; 768; 936
259; 179; 220; 329; 423; 727; 830; 851; 852; 936; 1073
261; 269
263; 710; 936
267; 129; 329; 936; 1039
269; 339; 936
271; 396
272; 129; 179; 220; 329; 560; 666; 744; 886; 936; 1039
273; 179; 488
274; 936
276; 52
279; 396; 904; 936
28; 169; 176; 220; 577; 936
280; 69; 380
282; 329; 936
283; 110; 329; 488; 1039
29; 14; 49; 158; 176; 269; 319; 329; 339; 488; 577; 658; 848; 936
290; 123; 276; 346; 799
291; 25; 39; 48; 66; 77; 110; 113; 121; 175; 176; 179; 195; 199; 201; 220; 221; 222; 225; 237; 268; 269; 286; 333; 335; 388; 416; 422; 423; 424; 440; 473; 488; 490; 527; 544; 545; 560; 587; 608; 611; 630; 633; 666; 681; 728; 771; 777; 852; 855; 874; 878; 936; 938; 1008; 1036; 1039; 1066; 1088
292
293
294; 457
295; 176; 329; 681; 936; 938; 1039
297; 69; 329
3; 52; 798
30; 176; 267; 304; 329; 419; 488; 539; 557; 577; 593; 936
301
302
305; 229; 533; 593; 799; 936
306; 328
310; 180; 874; 1004; 1039
312; 229; 329; 936
313; 69; 854
315; 577; 710; 936
317; 242
318; 28; 197; 269; 329; 488; 715; 768; 799; 871; 916; 936; 1059; 1079
319; 936
32; 269; 329; 490; 1039
320; 169; 422
321
322; 936
323; 69; 169; 661
326; 69; 927
328; 269; 577; 752; 936
329; 36; 710
330; 482
331; 430; 488; 936
333; 488; 927
334; 69; 519
335; 319; 329; 359; 539; 827; 936; 1079
337; 110; 117; 176; 269; 317; 329; 339; 445; 488; 577; 638; 768; 774; 799; 874; 936; 1039
339; 197; 329; 339; 488; 577; 936; 1081
341; 229; 329; 482; 488; 538; 653; 936; 987
344; 176; 220; 329; 440; 695; 855; 936; 1039
345; 129; 329; 592; 1039
348; 87; 183; 465; 572; 684; 901; 938
349; 179; 329; 488
35; 110; 179; 269; 329; 440; 484; 488; 545; 565; 727; 784; 936; 1039
351; 69; 93; 179; 186; 200; 229; 236; 307; 315; 329; 360; 459; 482; 488; 500; 537; 625; 626; 632; 653; 723; 900; 904; 924; 936; 980; 1015; 1016; 1026; 1080
352; 110; 329; 727; 936; 1039
362; 104; 269; 936
363; 176; 179; 220; 544; 577; 936; 976
365; 936
366; 28; 488; 715; 936
368
37; 175
370; 539
372; 228; 329; 936
375; 31; 45; 146; 169; 176; 179; 208; 220; 276; 293; 316; 362; 596; 627; 645; 666; 730; 738; 744; 799; 802; 829; 830; 905; 936; 948; 1003; 1067; 1094
376; 121; 329; 936
377; 329; 1039
378; 533
379; 727; 935; 936
38; 488; 936
381; 123; 176; 179; 215; 269; 329; 488; 577; 639; 936; 1039
382; 192; 590; 686; 738; 936; 1092
384; 625; 936
385; 180; 329; 488; 936; 1039
388; 69; 1081
39; 938
390; 179; 936
391; 176; 220; 339; 577; 832; 936
393; 69; 512
394; 220; 329
396; 176; 329; 339; 430; 488; 577; 686; 738; 936
4; 329; 488; 799; 936
400; 539
402; 229; 329; 353; 936
403; 329; 488; 936; 1039
405; 938
406; 242
408; 229; 385; 396; 482; 488; 625; 653; 904; 936
41; 247
411; 936; 1008
413; 392
414; 329; 568; 926; 936
415; 149; 631
419; 65; 936
420; 440; 936
424; 491
426; 52
427; 329; 433; 936
428; 69; 519
429; 229; 239; 329; 373; 396; 419; 430; 488; 524; 674; 936; 987; 1005
43; 176; 220; 329; 936; 1039
430; 394
432; 8
434; 28; 175; 179; 229; 329; 363; 577; 614; 675; 715; 768; 936
436; 129; 220; 329; 539; 552; 936; 1039
437; 28; 179; 309; 342; 393; 422; 477; 488; 511; 574; 587; 675; 768; 774; 799; 936
440; 69; 834
441; 110; 269; 329; 423; 440; 488; 855; 936; 938; 1008; 1039
443; 908
445; 396; 936
446; 176; 488; 727; 882; 936; 1039
447; 818; 936
448; 269; 488; 785; 799; 936; 1099
45; 533
450; 488
452; 533
455
456; 68; 110; 269; 329; 442; 544; 727; 799; 852; 936; 1032; 1039
457; 727; 936
46; 927
460; 136; 440; 976
462; 48; 269; 329; 335; 377; 439; 481; 488; 539; 577; 640; 684; 728; 888; 936; 938; 1039; 1066
465
467; 229; 488; 936
468; 69; 269
47; 329
470; 936
472; 179; 482; 625; 653; 727; 936
474; 69; 560
475; 123; 229; 329; 488; 508; 593; 799; 827; 936
479; 936
48; 110; 176; 229; 320; 329; 482; 488; 936; 987; 1039
480; 244; 417; 451
481; 488; 936
484; 727; 936
485; 0; 65; 121; 169; 175; 176; 220; 264; 269; 271; 329; 339; 365; 409; 430; 488; 490; 577; 624; 630; 648; 656; 661; 682; 812; 822; 834; 852; 853; 858; 928; 936; 941; 1008; 1039; 1113
486
487; 110; 179; 269; 329; 388; 440; 488; 727; 936
488; 176; 220; 577; 936
489; 269; 329; 488; 577; 936
491; 169; 422; 936
492; 329; 490
493; 329; 330; 544; 577; 936
495
496; 329; 488; 936
497; 936
498; 488; 936; 1081
5; 76; 131; 176; 179; 221; 329; 488; 532; 799; 908; 936
503; 176; 220; 329; 624; 936; 1039
506; 329; 466
507; 544
509; 13
51; 87; 938
510
511
512; 938; 975
513; 532; 593
514; 28; 110; 175; 176; 197; 220; 269; 279; 329; 339; 416; 488; 547; 565; 624; 715; 936; 1039
515; 169; 422; 936
517; 329; 488; 577; 936
519; 69; 665
520; 1112
522; 544; 624
523; 169; 208; 316; 329; 339; 422; 577; 812; 936
524; 745; 936
526; 430; 936
527; 240; 738
528; 329; 389
529; 229; 277; 488; 533; 576; 799; 936
530
531; 169; 422
533; 408
535; 429; 936
540; 329; 852
542; 48; 176; 222; 269; 329; 936; 1066
544; 329; 852; 882
545; 329; 440
546; 329; 727; 936; 1039
548; 229; 488; 524; 936
552; 710; 936
553; 242; 1006
555; 179; 727; 936
557; 329; 544; 586; 936; 1039
558; 50; 103; 229; 339; 385; 432; 482; 524; 653; 850; 936; 1063
559; 396; 936
56; 179; 208; 422; 802
562; 69; 169; 329; 661; 936
563; 149
564; 396; 936
565; 69; 329
566; 482; 488; 936; 987
568; 229; 488; 799; 936
569; 329; 1039; 1052
57; 69; 380
570; 213; 890
571; 69; 519
573; 327; 329; 936
576; 179; 329; 422; 744
579; 169; 293; 423; 661; 830; 936
58; 329; 422; 488; 587; 936; 1039
580
583; 69; 176; 223; 229; 251; 329; 385; 445; 482; 488; 614; 625; 936
586; 169; 329; 423; 661; 852; 936
587; 488; 936
588; 327
589; 179; 727; 936
590; 169; 293; 329; 409; 812; 830; 852; 936
593
594; 69; 221; 269; 329; 422; 544; 582; 936; 1055; 1060; 1112
595; 169; 179; 422; 744
596; 69; 114; 176; 178; 488; 799; 936; 951
599; 936
60; 176; 220; 329; 339; 577; 676; 936
601; 229; 488; 936
602
603; 176; 320; 329; 422; 445; 488; 577; 587; 672; 936; 1039
604; 745; 936
605; 710
607; 488; 936
608; 176; 220; 329; 936; 1039
609; 329; 858; 936
610; 938
612; 430; 936
613; 339; 577; 936
615; 488; 936
616; 110; 176; 220; 329; 422; 430; 538; 587; 936; 1039
618; 176; 197; 269; 339; 488; 544; 577; 740; 764; 936
620; 176; 279; 329; 440; 483; 908; 936; 1039
624; 429; 936
627; 175; 329; 577; 710; 936
628; 176; 179; 422; 577; 936; 976
63; 12; 936; 976
630; 938
632; 13; 430; 936
634; 28; 36; 175; 176; 205; 269; 329; 371; 440; 473; 488; 544; 577; 619; 678; 799; 936; 1014
636
637; 229; 936
639; 28; 151; 175; 179; 197; 339; 488; 491; 577; 936
642; 889
644; 457
645; 913; 936
646; 329; 422; 440; 587; 936
648; 488; 818; 936
649; 220; 544; 727; 936; 938
65; 15; 95; 175; 176; 179; 430; 512; 513; 543; 546; 659; 732; 803; 823; 896; 923; 936; 998; 1062
650; 329
652; 179; 422; 744; 799
654; 329; 727; 936
656; 13; 440
657; 175; 269; 936
658; 176; 269; 329; 339; 544; 577; 752; 936; 1006; 1093
659; 36; 176; 179; 269; 339; 488; 577; 715; 799; 862; 936
66; 208; 279; 422; 430; 686; 936
661; 692
665
666; 28; 69; 329; 488; 577; 857; 936; 1012
67
670; 382; 936; 1081
672; 267; 577; 936
676; 936
678; 936
681; 936
682; 175; 936
683; 339; 488; 577; 692; 799; 936
685; 382; 488; 1081
686; 329; 389; 852; 1039
687; 28; 329
69; 329
690; 329; 882
692
694; 242; 457
695; 69; 329; 1004
696; 123; 176; 329; 429; 533; 593; 639; 799; 936
697; 179; 715; 818; 936
7; 329; 488; 936
700; 69; 394
701; 135; 176; 220; 269; 488; 936; 974; 1099
708; 577; 927
713; 52
714; 595; 936; 974
715; 577; 745; 936
717; 179; 422; 936
718; 179; 727; 936
720; 329; 488; 577; 710; 936
722; 1005
723; 179; 319; 727; 936
726; 169; 544
731; 28; 36; 66; 176; 221; 269; 329; 339; 440; 488; 502; 544; 577; 725; 779; 799; 933; 936; 1097
732; 229; 353; 936
734; 936
735; 329; 544; 624; 936; 1039
736; 179; 727; 936
737; 176; 179; 482; 488; 625; 653; 936; 960; 976; 1016; 1039
739; 430; 488; 936
74; 69; 179; 329; 488; 936; 1026
741; 31; 293; 422; 936
742; 169; 293; 422; 936
744; 69; 229; 269; 440; 488; 544; 902; 936
745; 129; 329; 936; 1039
746; 169; 495; 661; 882
754; 269; 329; 519; 936; 938; 1066
758; 440
759; 327
76; 269; 544; 917; 936; 1008
760; 50; 229; 430; 432; 482; 488; 625; 936; 1016; 1063
761; 176; 293; 830; 936; 1073
762; 220; 329; 936
763; 220; 329
764; 69; 328; 329; 354; 488; 936
765; 247; 329; 440; 577; 726; 936
767
768; 329; 409; 423; 440; 855; 936
77; 974
770; 69; 882
771; 737
774
779; 488; 785; 936; 1099
78; 936
780; 488; 936
781; 913; 936
782; 329; 483; 936; 1039
786; 69; 329; 938
787; 329; 488; 936
788
79; 24; 37; 69; 269; 329; 488; 490; 727; 772; 861; 936; 999; 1039
793; 179; 329; 1039
795; 519
796; 84; 719
797
800; 989
801; 179; 727; 936
805; 396; 936
806; 128; 938
807; 66; 175; 221; 269; 329; 936
808; 220; 329; 936
809; 229; 396; 653; 936
81; 169; 422; 936
810; 197; 269; 488; 544; 577; 936
812; 329; 430; 498; 936; 999
817; 28; 196; 329; 488; 577; 936
818; 94; 329
819; 457
82; 319; 827; 936
820; 229; 269; 329; 440; 488; 490; 544; 849; 852; 936; 1008; 1039; 1113
821; 329; 482; 625; 653; 852; 936
823; 14; 329; 488; 577; 936; 1039
825; 1031
826; 179; 727; 936
827; 396; 799; 936
828; 926; 936
829; 89; 99; 175; 329; 466; 925; 936
83; 28; 29; 140; 176; 177; 269; 329; 368; 376; 488; 516; 577; 768; 792; 936; 959; 1008; 1039; 1071
830; 220; 329; 936
835; 36; 818
837; 60; 152; 426; 488; 614; 727; 872; 936; 972
838; 28; 66; 114; 134; 175; 176; 179; 221; 229; 238; 240; 247; 267; 310; 329; 339; 396; 430; 488; 539; 577; 593; 614; 653; 667; 670; 712; 713; 715; 756; 768; 799; 926; 986
84; 52; 87; 183; 216; 392; 438; 456; 465; 555; 572; 575; 706; 878; 901; 975
842; 329; 544; 852
844
846; 430; 488; 727; 758; 936
847; 727; 936
849; 422
850
851; 114
854; 229; 430; 727; 936
856; 1057
857; 69; 745; 936
859; 927; 1039
86; 824
863; 176; 197; 247; 488; 577; 936
867; 382; 488; 1081
870; 137; 229; 488; 799; 936; 979
872; 488; 727; 936
873; 938
874; 110; 176; 179; 235; 329; 419; 488; 557; 577; 936; 1039
877; 229; 488; 972
878; 396; 904; 936
880; 360; 1026
883; 220; 229; 482; 488; 936
884; 329; 419; 482; 936; 1005
885; 727; 936
886; 240; 319; 329; 577; 895; 936
887; 710; 936
894; 727; 936
895; 936
898; 69; 488; 936
899; 169; 422
9; 78; 664
90; 229; 319; 320; 329; 482; 488; 808; 936; 938
900
902; 175; 176; 220; 269; 329; 430; 463; 544; 624; 936; 1039
903; 229; 430; 727; 936
906; 69; 577; 745; 936
908; 58; 61; 176; 179; 298; 339; 356; 488; 577; 619; 702; 710; 715; 936; 990
909; 396; 936
91; 200; 936
912; 231
914; 269; 329; 544; 666; 936
918; 1112
919; 179; 319; 936; 983
92; 351; 1039
922; 13; 179; 488
923; 176; 179; 229; 267; 269; 279; 329; 445; 482; 488; 533; 565; 577; 593; 667; 922; 936; 1039
924; 512
928; 440
929; 269
930; 32; 110; 129; 154; 220; 268; 269; 329; 361; 389; 488; 544; 565; 577; 630; 767; 852; 928; 936; 1113
932; 220; 329
934; 48; 121; 269; 329; 488; 614; 936
938; 69; 176; 229; 396; 488; 936
942; 308; 329; 936; 1039
943; 936
945; 69; 1112
947; 69; 936; 956
949; 359; 539; 675; 768; 916; 936; 1079
95; 69; 665
951; 727; 936
952; 625; 936
955; 48; 176; 269; 329; 333; 624; 936; 938
956; 169; 329; 422; 936
96; 140; 176; 179; 577; 927; 936
960
961; 176; 440; 830; 936
962; 269; 488; 799; 936
964; 488; 936
967; 359
968; 396; 936
969; 28; 49; 83; 84; 174; 197; 247; 269; 329; 339; 382; 436; 488; 522; 544; 558; 577; 750; 752; 766; 889; 936; 964; 968
97; 488; 926; 936
971; 28; 104; 936
975; 179; 189; 329; 440; 852; 1039
976; 176; 179; 339; 577; 727; 936
979; 430
98; 329; 620; 752
980; 422
982; 65; 69
983; 440; 799; 818
985; 149; 488; 595; 785; 799; 936; 974; 1031
994; 488; 936
995; 229; 488; 533; 593; 799
997; 18; 69; 169; 175; 217; 422; 584; 936; 1025; 1055
998; 329; 852
