0; 3; 5; 29; 34; 36; 38; 41; 47; 61; 74; 84
1; 101
10; 3; 5; 20; 36; 44; 47; 50; 78; 91; 99; 100; 101; 102
100; 0; 5; 6; 32; 36; 41; 44; 47; 48; 58; 59; 65; 68; 73; 81; 84; 91; 101; 102
101; 3; 5; 36; 46; 47; 57; 92; 101
102; 3; 4; 6; 10; 20; 36; 41; 47; 57; 100; 101
11; 3; 5; 36; 47; 58; 71; 79; 81; 99; 101; 102
12; 3; 5; 20; 36; 47; 78; 88
13; 3; 5; 36; 41; 47; 55; 101; 102
14; 3; 5; 36; 47; 78; 91; 101
15; 3; 5; 20; 36; 47; 78; 100; 101
16; 3; 5; 36; 47; 100
17; 3; 5; 13; 36; 44; 47; 49; 78; 91; 101
18
19; 3; 5; 20; 36; 44; 47; 49; 78; 91; 98; 100; 101
2; 3; 5; 36; 41; 47; 63
20; 3; 5; 17; 36; 47; 78; 101
21; 3; 5; 16; 72; 77
22; 3; 5; 36; 41; 43; 44; 47; 68; 78; 101; 102
23; 3; 5; 36; 101
24; 3; 5; 36; 47; 91; 99; 100; 101; 102
25; 3; 5; 36; 47; 50; 78; 91; 100; 101; 102
26; 3; 5; 36; 44; 47; 101
27; 3; 5; 24; 36; 44; 47; 78; 91; 101
28; 3; 5; 23; 36; 91; 101
29; 3; 5; 36; 44; 47; 50; 78; 91; 101; 102
3; 3; 5; 15; 36; 41; 47; 63; 91; 101
30; 5; 8; 101
31; 3; 5; 20; 36; 47; 100; 101; 102
32; 3; 5; 36; 47; 61; 84; 85; 101; 102
33; 3; 5; 20; 36; 47; 100; 101
34; 3; 5; 6; 32; 47; 80; 84; 101
35; 1; 3; 5; 36; 47; 68; 78; 84; 99; 100; 101; 102
36; 3; 5; 20; 36; 47; 100; 101
37; 0; 3; 5; 36; 84; 99; 101
38; 3; 5; 20; 36; 44; 47; 50; 78; 91; 100; 101; 102
39; 3; 5; 15; 20; 32; 37; 41; 42; 43; 44; 45; 47; 52; 53; 56; 57; 58; 61; 63; 68; 70; 72; 78; 81; 84; 91; 98; 99; 100; 101; 102
4; 3; 5; 47; 61; 68; 84; 101
40; 3; 5; 26; 36; 47
41; 3; 5; 6; 36; 44; 47; 70; 102
42; 3; 5; 36; 47; 49; 78
43; 3; 5; 26; 36; 42; 43; 44; 47; 54; 56; 57; 61; 68; 78; 81; 91; 101; 102
44; 3; 5; 36; 41; 47
45; 3; 5; 36; 41; 42; 44; 47; 53; 61; 84
46; 3; 5; 36; 41; 42; 43; 45; 47; 53; 78; 81; 91; 98; 101
47; 0; 3; 5; 36; 41; 43; 44; 47; 59; 91
48; 5; 101; 102
49; 0; 3; 4; 5; 6; 20; 26; 32; 36; 41; 43; 44; 53; 57; 78; 91; 99; 100; 101; 102
5; 5; 20; 47; 73
50; 3; 12; 36; 47
51; 2; 3; 35; 36
52; 3; 5; 47; 58; 101
53; 5; 47
54; 3; 5; 6; 36; 47; 102
55
56
57
58
59; 3; 5; 17; 47; 48; 51; 59; 61; 68; 73; 81; 91; 101
6; 3; 5; 8; 47; 55; 68; 91; 101
60; 3; 5; 36; 47; 61; 84; 85; 101
61; 0; 3; 5; 32; 36; 41; 47; 68; 81; 84; 101
62; 3; 5; 47; 59; 68; 84; 91; 101
63; 3; 5; 15; 47; 70; 102
64; 3; 5; 36; 41; 47; 57; 61; 68; 84; 101
65; 3; 5; 68
66; 3; 5; 36; 59; 91; 101
67; 3; 5; 29; 61; 68; 81; 84; 85; 101
68; 0; 3; 5; 32; 34; 37; 38; 47; 61; 81; 84; 101
69; 0; 3; 5; 36; 101
7; 3; 5; 15; 36; 47; 53; 63; 102
70; 3; 5; 6; 36; 47; 81; 91; 101
71; 3; 5; 36; 47; 59; 61; 68; 73; 91; 101; 102
72; 3; 5; 36; 47; 48; 85; 101
73; 0; 3; 5; 34; 61; 84; 85; 101
74; 5; 15; 36; 99
75; 3; 5; 15; 36; 44; 47; 75; 78; 101
76; 3; 5; 36; 41; 47; 101
77; 3; 5; 18; 20; 32; 36; 41; 44; 47; 68; 98; 99; 100; 101; 102
78; 3; 5; 6; 36; 41; 43; 44; 47; 101
79; 3; 5; 47; 81; 84; 101
8; 3; 5; 58
80; 83; 102
81; 3; 5; 20; 36; 41; 47; 78; 82; 100; 101; 102
82; 0; 3; 5; 6; 32; 34; 36; 41; 47; 60; 61; 68; 74; 81; 85; 91; 101; 102
83; 5; 36; 47; 91; 101; 102
84; 5; 36; 47; 98; 101
85; 3; 5; 36; 41; 47; 54; 56; 101
86; 3; 5; 20; 36; 47; 100; 101; 102
87; 3; 5; 81; 101
88; 3; 5; 36; 41; 47; 99; 101
89; 3; 5; 36; 47; 59; 68; 101
9; 3; 5; 6; 29; 36; 41; 44; 47; 78; 81; 91; 101; 102
90; 3; 5; 20; 36; 41; 47; 101
91; 3; 5; 18; 36; 41; 44; 47; 54; 56; 78; 101
92; 3; 5; 6; 36; 41; 47; 78; 101; 102
93; 3; 5; 26; 36; 41; 43; 44; 47; 76; 101; 102
94; 5; 15; 36; 41; 98
95; 3; 5; 6; 15; 20; 36; 41; 47; 53; 57; 99; 100; 101
96; 2; 3; 5; 6; 36; 47; 100; 101
97; 3; 5; 6; 11; 20; 36; 47; 92; 98; 99; 101
98; 2; 3; 5; 14; 26; 32; 36; 41; 47; 53; 58; 68; 81; 84; 91; 100; 102
99; 3; 5; 6; 36; 47; 83; 91; 92; 101
